gamma_n                     : 50
runtime                     : 0.8140545
final_ke                    : 0.1860747668019526
