gamma_n                     : 50
runtime                     : 0.8295891
final_ke                    : 0.1860747668019526
