gamma_n                     : 20
runtime                     : 0.8546124
final_ke                    : 0.985988293680656
