gamma_n                     : 20
runtime                     : 0.9857399999999999
final_ke                    : 0.985988293680656
