gamma_n                     : 100
runtime                     : 0.9128665
final_ke                    : 0.2993923968993695
