gamma_n                     : 100
runtime                     : 0.8867892000000001
final_ke                    : 0.2993923968993695
