gamma_n                     : 40
runtime                     : 1.006944
final_ke                    : 0.000346860234474633
