gamma_n                     : 40
runtime                     : 0.8242474
final_ke                    : 0.000346860234474633
