gamma_n                     : 20
runtime                     : 0.8662037
final_ke                    : 0.985988293680656
