gamma_n                     : 20
runtime                     : 1.0842351
final_ke                    : 0.985988293680656
