count                       : 500
dt                          : 0.0001
total_time                  : 1
steps                       : 10000
runtime                     : 11.4139494
particle_contact_time       : 9.526799399999989
diagnostics_time            : 1.778379899999994
candidate_pairs             : 124750
