gamma_n                     : 5
runtime                     : 0.9079241
final_ke                    : 3.332676662565201
