gamma_n                     : 5
runtime                     : 0.8498307
final_ke                    : 3.332676662565201
