gamma_n                     : 70
runtime                     : 0.8434411000000001
final_ke                    : 1.458555979508521
