gamma_n                     : 70
runtime                     : 1.0113018
final_ke                    : 1.458555979508521
