count                       : 200
runtime                     : 0.0467567
zero_force_time             : 7.629999999999988e-05
gravity_time                : 0.0001167999999999996
particle_contact_time       : 0.03807210000000004
wall_contact_time           : 0.0002662999999999995
integration_time            : 0.0003162000000000014
diagnostics_time            : 0.007411000000000005
contact_time                : 0.03833840000000004
candidate_pairs             : 19900
